"","1","2","3","4","5","6","7","8","9","10","11","12","13","14","15","16","17","18","19","20","21","22","23","24","25","26","27","28","29","30","31","32","33","34","35","36","37","38","39","40","41","42","43","44","45","46","47","48","49","50","51","52","53","54","55","56","57","58","59","60","61","62","63","64","65","66","67","68","69","70","71","72","73","74","75","76","77","78"
"1",0,2.39209633038585,3.61389894880433,3.07237746811766,3.8910130037974,3.07329483990797,2.78917170275864,3.31982465811219,1.77276380484923,2.63082698272295,1.71494957212461,2.8175156945929,3.75808908058096,3.64792804020879,5.49878774308691,2.44599472928411,2.36163259604799,2.33804831067786,2.22317983915146,2.7325734263477,2.09207202307248,2.53814678872394,4.88971006264954,2.50126820983393,1.86008822621311,2.45417031470004,2.75157733205809,4.30288336232652,2.99756268012481,3.49402098558243,3.74904989906773,2.03885081965099,2.94478612840123,3.9532290880851,2.79492785870814,3.08499336428509,4.99753992045755,3.01906706162691,3.14784029858577,2.10510071489553,5.61871092153417,1.83221199031268,3.95287646000831,3.07392982517023,1.4835382259476,2.71822646984129,3.10556343306352,2.06171417080274,3.0651649286734,3.1651894343833,3.11016090415209,1.95103229787918,3.22406564562007,6.2807273023192,2.66721158438261,4.29515014099328,4.7229493017306,3.03103873851669,1.80580403074232,2.68895935012574,2.33206894718778,1.87684291899039,2.10360733773353,3.66070037600707,4.09339009914791,3.84160378894101,2.66543870644348,3.31353448127085,1.56064095972108,2.50715829742604,2.12177795124336,6.14961954793784,3.07444741644827,3.59496360826901,3.52424505846776,3.26149434073998,4.97083400458655,4.63014342371382
"2",2.39209633038585,0,4.15791534385135,2.89963617829847,4.23012851168379,2.95686149668192,3.04145458025451,3.75733713472529,2.20238704159773,3.2652511122901,2.26618024676288,4.21924861788054,4.04814725505609,4.94825294863089,4.44370468143431,3.40427033419999,3.02063582726252,2.46226233478488,3.24593705714345,2.69689631975598,2.42187019168698,2.46880738182736,5.28226394794838,2.63146683267707,2.20657138220784,1.74513189176045,1.9465084754523,3.42260275888855,3.0223089755944,3.18732621863553,3.37902878829914,1.70596103457904,1.56801949919396,3.04320975676193,3.88229369265257,3.20032077280151,6.32061656315124,2.51356460739153,2.9334592807605,2.44112394351805,5.66064970001308,2.2226841897282,4.6958714366669,4.26589590620753,2.17392157904311,3.64215542126057,3.94123765207739,2.6513664136816,3.22538182622343,3.34197869398064,3.13158844701906,2.32523649520893,2.74414391417339,6.69470221418112,2.83182782490564,4.47837794122403,3.41205600638459,3.09617710305925,1.92344200263161,3.15504612765138,3.13846378040525,2.68208887760995,2.90528661627343,4.29597127307354,4.27105464321253,3.56016142081385,3.72876859658859,4.06561528255506,2.28887775197108,2.75237826757386,2.38572263098366,5.12079878253311,2.58024650470319,3.75316565673698,3.6135466249021,2.90252858053653,4.97516860030783,5.22041230410291
"3",3.61389894880433,4.15791534385135,0,4.71547386950762,6.53077751164929,3.89541193801529,2.7556501716716,5.58011849215807,2.8003633034485,3.57272432412485,4.16925245485731,4.7873765002085,3.81124308421067,4.84422121608134,6.4865710551923,3.4528450729562,2.94692082893599,4.37720267986462,3.62390667175391,4.56945497996434,2.94193108794158,4.88769648972889,5.02048056847048,2.80928616076962,4.82587433546628,4.01323959082121,3.27393863368991,4.65425771125503,2.75445390346985,4.4842420492567,4.9138739542717,4.08724717229935,4.42948089233953,5.26049084677189,3.95293409819355,4.93718759378075,6.62419556250031,5.80968727120818,3.82970652848591,4.04653958854209,5.97098328349211,3.30309073106747,4.23338955192826,5.25419933790663,3.68107394425177,4.00205696988042,3.53997776207955,4.87656657717223,4.66597839687388,5.12293603548335,5.20720297926834,3.7720598025545,4.32178903092944,7.73871900629063,3.3036594426814,6.05032680950921,6.34643706579209,5.00700144481469,3.96285638220035,4.05070886417073,4.25789646455264,3.45824696417764,4.6579765345558,4.60313922048937,5.65971792238763,6.60343108404513,4.89002783261773,4.82627052038206,4.2175595169709,4.1867399738038,3.13450915353272,7.99545372641861,4.10644411410723,4.95426126553701,4.89871402624488,5.32687869593943,6.17567651143129,5.66617172635343
"4",3.07237746811766,2.89963617829847,4.71547386950762,0,3.22231959634055,4.36516867131211,3.9598454193178,2.1684178703915,3.44548107933076,3.87601415080121,3.22189044468383,3.86149289538291,5.33626278445335,4.19997681059786,5.98963829950871,3.40674441092583,3.51613748204065,3.35954243669395,2.71397023056394,2.48056521117295,3.10796811151672,3.40979188121185,5.30463802068846,3.41855911825501,3.29511827854387,2.62874631769894,3.53192748613356,3.58599254581434,2.43121865064448,3.61795700782943,2.94231236476788,2.55735633276697,3.55580438629495,4.85201983842761,2.36287323109344,2.00125942205765,7.08286850569636,3.62717870692813,4.43591339143228,2.55290240990185,6.02888646200646,2.79657765202398,3.69510569562781,3.7124906410637,3.17350234639454,3.63681990246865,4.88494659799218,2.73545850666565,4.08879584410734,4.56572165208196,3.80035184447272,2.3719900178318,2.18443919564285,6.75591358509781,2.97261627547289,4.53344894326485,3.1150235533333,4.49672727511701,2.80783452972442,3.18851784062012,3.68554179398735,2.70392382142434,2.89939702140885,2.17377660594861,3.8853407206268,3.74145045731826,4.04598936270706,3.39059074476642,2.92544067489035,4.59153379153344,2.54814385165221,5.15736807963516,4.32562243111797,3.28754716621097,1.62144304464919,2.26570511566059,4.32027993029168,4.68124760058659
"5",3.8910130037974,4.23012851168379,6.53077751164929,3.22231959634055,0,5.0791157432193,5.25988685453568,3.89145614527469,4.78777281661053,4.12100295605524,3.75554148007266,4.72382409275384,6.47904885205411,4.47177735988905,6.20203624398655,3.95191929550268,4.26677463584901,3.92919274991105,4.14925299471824,4.47727186065434,4.89649847089271,3.81514125156509,5.69236048435942,4.72550180818059,3.59709334893763,3.56694463928387,4.81324067849237,5.5544711713927,4.57918042992362,3.49009001291305,4.65615225400171,3.54802518637972,4.68220880588858,6.10514031410758,4.12259992928039,3.0998576854101,5.87732012620864,3.7164602838784,5.23155069312418,3.56618114357906,7.00048749740816,4.32600323276896,5.59037852553043,4.3967548951728,4.38082291017314,3.61953666297671,5.73228311337939,2.90922343463416,4.17123363472994,5.16053489030595,3.20176587897702,3.71059222815708,3.73405409847766,7.3880088153591,4.5714216898437,4.75476829486094,4.75263495498173,4.14983319083524,3.63865098010117,3.76715855205562,4.31292666524636,3.69065933167564,3.31988143314503,4.19710108571913,5.69206354625294,4.27293763951202,4.76180339601413,3.66559274930483,3.29800502021131,5.0895140969201,4.69851159007596,4.9556878059843,5.26961217918708,4.94388519777787,3.50119164606157,3.20900031343925,4.74663750751303,5.46245551287522
"6",3.07329483990797,2.95686149668192,3.89541193801529,4.36516867131211,5.0791157432193,0,3.47262469570758,5.13465779882376,2.86900309560073,2.13262490756364,3.13463405317764,4.95272552535433,2.55726947230005,5.16664496239769,4.23407596708256,3.59759053214581,3.31618691649602,2.63410759153018,4.14530825609011,4.65472599616637,3.71614310953397,3.47061790105217,4.27932935150904,2.99112263254706,2.67968211227415,3.19030604543156,2.06438726103209,4.24396986656451,3.82386201703072,2.81364549307522,5.03672122133019,2.78928375481999,2.95996352910277,3.84853958698437,4.75518242730867,4.43101782868614,5.20347540850515,3.73045778289446,2.88902349972256,3.98147899500414,5.24999974602609,3.01289907163463,4.38914457704196,4.58560234236963,3.48865798173906,2.80684997061113,4.22004724219624,3.41626945063576,3.0150590808685,2.72609227551105,3.32941741570871,2.58531553045111,3.51667371114944,6.94704908077459,3.01000523145384,4.89344600037045,5.94270734861116,2.79199290688379,2.81861784361833,2.57063461072135,3.12654309649524,2.85208345172403,4.29469887135805,4.73523183697527,5.25020146146117,5.28981807389277,4.88796122987033,4.30818712215176,2.6305770697718,2.05126471356593,3.23615765508399,5.46590390177364,2.92689390120668,5.08763163285069,4.39615271889862,4.10901369115326,5.05836548275169,3.69057069461029
"7",2.78917170275864,3.04145458025451,2.7556501716716,3.9598454193178,5.25988685453568,3.47262469570758,0,4.86537038397534,2.81663188816873,3.08466640435621,3.82669553736418,4.06220484289037,3.54071272626911,4.51441168850614,5.84050320931216,2.19160988091473,1.58049227780169,3.42283277490547,3.17335180301765,3.94932095698045,1.93898836592336,3.7351567170138,3.59614022355912,2.45363752973285,3.68213998891542,2.385272850619,1.95836510110465,4.06114725535236,3.04144594524803,3.5803182670804,4.53621315547794,3.38760457129193,2.71158278584622,4.43483750868004,4.15989536026976,4.17110646085489,5.84873333269382,4.59088702332556,2.24660114341397,3.22580374037846,4.83622084465301,2.1656359031665,3.91622333991501,5.26107141841461,2.96787015083184,3.52217302675356,3.5009951196043,3.22551864275148,3.43579668413768,4.27991694879636,4.28866033030836,3.35662879380909,3.19875198481882,8.17875537641844,3.17937639541412,5.20951164494377,5.48364217268221,3.61912697903069,2.80717432628915,3.24405278286191,3.81593118400264,3.15073918582623,3.87505816774267,4.52605809125766,5.19509900172469,5.45497895478008,4.58494477053763,4.51405930446292,3.28672158081344,3.41816043264483,3.05061822539757,7.02281238291602,2.6579901578892,3.67516489001513,3.85951650005655,3.48743609816526,4.40834597655143,5.066630689732
"8",3.31982465811219,3.75733713472529,5.58011849215807,2.1684178703915,3.89145614527469,5.13465779882376,4.86537038397534,0,4.09558594275845,4.68480429606883,3.72523134732743,4.1975155519063,6.02186826302356,4.70476076402228,7.31265096832575,4.2061328682039,4.50790181561859,3.95900713413408,3.55107733882283,1.93033715915747,3.88173611547713,3.85514406186752,6.38064575110218,4.14264732162227,3.41396062965071,3.71465946459417,4.72719275165882,4.94779914628719,3.97274032119487,4.78168889952523,4.05867032449432,3.10748973326996,4.45688238269639,5.21198498533433,3.16522766665093,2.95029397746479,7.24598829318062,3.89868262896048,5.53834093414788,3.01407078628888,7.25057804159556,3.69960626732226,4.0838254179814,3.78652518686236,3.45547499836209,4.50072302980489,5.86614101194904,3.11976702783043,5.1410104432091,4.85117103978652,4.43935579195006,2.80528692878934,3.39140964193582,6.42022064136523,3.68751549279777,5.46671136199519,3.42730847395967,5.16253080027415,3.73957309028251,4.22952068241457,4.0699474771529,3.29698702675921,2.71887114311108,2.41669241496741,3.67545945572361,3.5410867642578,3.84036444128056,3.82744351788113,3.55308805093063,5.00921685986351,2.99677847185737,6.13802030960626,5.11541294085981,4.06847866661672,2.91191980296162,2.93149310279852,5.45298557377958,5.32889599136463
"9",1.77276380484923,2.20238704159773,2.8003633034485,3.44548107933076,4.78777281661053,2.86900309560073,2.81663188816873,4.09558594275845,0,2.90570312007826,2.08278563064083,3.79914658225439,3.23655920488895,4.64611109292886,5.45187284248659,2.69505479957875,2.59730692175052,2.86958811726917,2.92939063885628,3.1695465607943,2.30847443480472,3.0162260222186,5.47485030320675,1.98521207209909,2.80511451472204,2.69441562419577,2.41743024209508,3.96146693754202,2.33656908918152,3.44397004215299,3.76447118139941,2.23275974550238,3.16041404827013,4.14877903303423,3.15949929947858,3.15755372633898,5.31663560629767,3.75504395521248,2.91577695586254,2.80440762140853,5.64630259902285,2.34134372720924,4.21229720497101,3.90000729621389,2.33193586549984,2.90799957102888,2.79272622858415,3.21093048409359,3.38470376278215,3.72067289591602,3.07063949955599,2.16916715219973,3.08231401602799,6.15187091902781,2.97481006919908,4.42488420523586,4.56935241206311,3.62804875182966,2.38970920734034,2.95603053379532,3.04989501143498,2.27930841563051,2.84219110195384,4.04327473570875,4.73610076702273,4.5681619189373,3.32311241631947,3.68466454220737,2.14569239504214,2.68582972559281,2.15784427407379,6.0926635679502,2.58398240672412,4.08291841795456,3.86319594721991,3.97460897611674,5.85181073548797,5.20083425969414
"10",2.63082698272295,3.2652511122901,3.57272432412485,3.87601415080121,4.12100295605524,2.13262490756364,3.08466640435621,4.68480429606883,2.90570312007826,0,2.85624007177641,4.60514191701127,3.95723063409641,3.63851853724894,5.00609932271395,2.48316961548607,2.10182154508231,2.32368499110593,3.17060822363544,4.27822373966485,3.22739094219052,3.0019344952361,3.92540037333435,2.60588732766059,2.94144453323753,2.59286442470268,2.59263238427316,4.87705539118429,3.35103887703628,2.11636226599221,4.5548014204746,2.49814318286396,3.26263098667789,4.80388842192068,3.94044334430153,4.12893534932499,4.82821709251453,3.79379605814541,3.08953095546787,2.89990461634527,5.73960702770444,2.69169860033719,4.39838348563379,4.25140172365465,3.17500517371484,2.13647336367377,4.11333267998486,2.94703276738565,2.63273721818597,3.62656476264679,3.17704624087674,2.21847508599784,3.22985291970764,6.93265588697093,2.36570212303945,4.89386834075235,5.91151256865753,2.59957592726878,2.37715444778942,1.88740750057598,2.35391767303107,1.8260909862051,3.64121370678381,4.04719137465127,5.38729963799745,5.52908729894019,4.72801044669203,3.18484694096677,2.34557732156772,2.69060475976654,3.15901709578633,6.28523951113556,3.70750592016123,5.1043774267181,3.98232764799033,3.76075336924759,4.78261712151266,4.08561496487562
"11",1.71494957212461,2.26618024676288,4.16925245485731,3.22189044468383,3.75554148007266,3.13463405317764,3.82669553736418,3.72523134732743,2.08278563064083,2.85624007177641,0,3.28184014883894,4.3725584588532,3.7602323266352,4.76875667503672,3.35777170690978,3.26963614158026,2.0533854128243,2.60937971685441,3.07284394447983,3.02347004983153,2.32476491251131,5.57510724067158,2.66270953823101,2.18602302720639,2.66053644421389,3.12580004100101,4.10455762930031,3.17878482336907,3.29934776778249,3.24332659160848,1.56243294028392,3.15570989909957,4.11878965456282,3.12305907550293,3.12267465272551,5.61920168833916,2.33159362465918,3.76449701379522,2.16592163819509,6.41844122405218,2.39546273382671,5.10261688870868,2.5445750889422,2.00622459009294,2.82623675697823,3.28613823363906,2.99695730117731,3.07526031248975,2.95370810960037,2.75213314647602,2.25492399409826,3.6670960596685,6.27998716310589,2.99357796107162,3.98488500408455,4.50853335449145,2.79215682248365,1.80327465467134,3.22945518352713,2.19507446753835,1.86988235667964,2.42943678305911,4.20414151517675,3.94305345504513,4.03791656056597,3.04745883050719,2.96133613998948,1.58145618017931,2.40941307519378,2.29410552789022,5.48026217844648,3.53760048884617,4.0573766671026,4.06428097960607,3.77513009066357,5.44571887454949,5.14110333375283
"12",2.8175156945929,4.21924861788054,4.7873765002085,3.86149289538291,4.72382409275384,4.95272552535433,4.06220484289037,4.1975155519063,3.79914658225439,4.60514191701127,3.28184014883894,0,4.88717132355879,3.48880924901619,6.36835345087225,3.79895415901955,4.12034822836554,3.60305236777986,2.56904079427014,4.14677793326361,3.53665287853098,3.89570107580981,5.20269910058423,3.93179521520426,3.92081275556962,3.99456005741773,4.34914040814974,4.05842168977458,3.96019335726065,5.10385462981707,3.74600764842752,3.87851295470914,4.42941158895276,5.50389560052595,3.21652667058593,3.67879747963617,6.48404069106374,4.02264167494713,4.51443851846689,3.65486989132224,5.92412205593341,2.77209240780748,4.91571815648721,2.66217940315089,3.30072212041752,3.8446987916688,3.16144124776332,3.88016497207636,3.97763311793891,3.75405719904243,4.64184258641307,4.12510987675665,4.68782439753421,8.06511487081581,4.54305024925051,3.8209912726748,5.79317694565866,4.17777322142004,3.12165894038135,4.47476148771724,3.70069788895254,3.53888870243594,3.83391781884591,4.68184539121907,3.30871785399614,4.98911599483643,3.79182117185865,3.89930597303302,3.18032950991981,4.02631579096897,3.244170026357,6.58219689994196,4.32741765912509,2.38277389569214,4.10399261833503,4.17629221833784,4.68446846510678,5.09859215206994
"13",3.75808908058096,4.04814725505609,3.81124308421067,5.33626278445335,6.47904885205411,2.55726947230005,3.54071272626911,6.02186826302356,3.23655920488895,3.95723063409641,4.3725584588532,4.88717132355879,0,6.2833734651342,5.55878304941869,4.06897815226178,4.09935359138006,4.12507702018475,4.89881335716163,5.55019945955121,4.15908713403958,4.7457658865924,4.75135462826795,3.70239597225466,3.97175536600466,4.41033029559774,2.85532603728093,4.27298694677789,4.29214403407803,4.50675716387694,5.8648707857841,4.32287403871343,4.06614045793176,4.63658532099764,5.32651730812852,4.95350326783822,5.30670166197986,5.18933972753081,2.98441419362328,5.31709341357458,4.42628168372785,3.68518321681869,4.23580072140484,5.42554671343837,4.40271196098141,3.74451769297159,3.78481221515988,4.46134301050171,4.02983111271803,3.59586978502752,4.42976057030278,3.99881294005366,4.34287361599147,7.72603099204186,4.55912064609353,5.09402017418991,6.78379947350418,4.25876846148432,4.00868611436093,3.82230973550132,4.60536604645134,4.26497005940264,5.2555365560648,5.60020903744428,5.77800108507232,6.05067591841611,5.29857576184223,5.51722250154925,3.71783857009384,3.11405566661497,3.98151977495374,6.28868304087884,2.52989614299376,4.86839187594514,4.97329315174922,5.06864119650012,5.75303567812051,4.2353034278115
"14",3.64792804020879,4.94825294863089,4.84422121608134,4.19997681059786,4.47177735988905,5.16664496239769,4.51441168850614,4.70476076402228,4.64611109292886,3.63851853724894,3.7602323266352,3.48880924901619,6.2833734651342,0,6.49465857403911,3.79872424895482,3.73697968421615,3.46784644293581,2.25271111715976,4.65342921086701,3.91097964197422,3.82079160106318,4.97068452611385,4.18507087497783,4.70349132340233,3.99613222355824,4.89468400556731,5.56817060549843,4.25646700292834,4.62443782398344,3.84974537242435,4.00328700354548,4.85673035745984,6.48723782323994,3.45207908834562,4.81032132059869,6.82705496326887,4.47333474390301,5.08125720221783,3.07405824126045,6.94435517723443,3.32123866872518,5.63314381922526,3.33213024031024,3.9129311423004,3.94806591168068,4.50529706360002,4.3206302181675,3.87510577546976,4.77881280946844,5.16720350718346,4.11750505086852,4.95242354983724,8.07426088848024,3.84234393901896,4.94570788844199,6.64447074780534,4.14268644133961,3.32187203053388,4.10123069440141,2.84757319655399,3.00750014702706,4.41675276507386,4.51951344341512,4.5649500161713,6.36980510808115,5.218731106133,2.99504452411279,3.75301199814497,4.58903640853822,3.88258048299563,7.74231890063384,5.75559764502363,4.73578265569656,4.61252904015501,4.6143969765785,4.84934645750655,5.28964679880533
"15",5.49878774308691,4.44370468143431,6.4865710551923,5.98963829950871,6.20203624398655,4.23407596708256,5.84050320931216,7.31265096832575,5.45187284248659,5.00609932271395,4.76875667503672,6.36835345087225,5.55878304941869,6.49465857403911,0,6.38544009716734,5.67906487236784,4.58188348789272,5.65665070067708,6.66520957086647,5.52909887864706,5.03947037358776,6.049481515145,5.87083585667803,4.90337927855759,5.02166157913121,4.31941886588379,5.20064656134164,5.8076885110853,5.15082840432887,5.51619610204821,5.05512634573459,4.0855176667387,4.57649880898591,6.484694570308,6.4354184449428,7.87959360138481,4.45589642350001,4.66881467323061,5.69404936891026,5.90887070968778,4.93299127254263,7.32354796590041,5.89351470416495,5.24957386886522,5.68228648759566,5.37139363083343,5.5205167921235,4.30931008539767,4.49521568474796,5.64003547878989,5.4994602346746,5.98863182116606,8.32373712977753,5.20387299622948,5.60280435394485,7.00716094430785,4.3258532333533,4.42726885118612,5.02025241675819,4.89708857284354,5.47833123530547,6.52589553235234,7.30436217032049,6.5189939082489,6.17438676854513,6.61725979472032,6.4876220584692,4.93408435888255,4.4686578605135,5.67115896659197,5.63484237698861,5.29837445882663,6.36327269878389,6.48428207329835,6.01203225835361,5.78119961585742,5.84358432406649
"16",2.44599472928411,3.40427033419999,3.4528450729562,3.40674441092583,3.95191929550268,3.59759053214581,2.19160988091473,4.2061328682039,2.69505479957875,2.48316961548607,3.35777170690978,3.79895415901955,4.06897815226178,3.79872424895482,6.38544009716734,0,1.50703047737113,2.99359274421256,2.83076019075839,3.92267214451281,2.75476256080473,3.12164120557966,4.06139296724796,2.14433496820439,3.51568023159193,2.26120166080712,2.82230459317625,4.48244661418269,2.75356372302313,2.72374253350833,4.23546141102998,2.90851993113726,3.56784043388152,5.59001761352002,3.47673536105566,3.05920319066396,4.69918641043247,4.31676417399357,2.82804479008723,2.86512615468248,5.38935126652914,2.46110471075963,3.93569454276241,4.58906487813099,3.38719927024611,2.17220340962724,3.62719647146211,2.77866932291484,2.92948863911473,4.39432400253628,3.03742915689057,2.72061841256558,2.47311963990783,7.5750589443897,3.44662378158634,4.3545029085174,5.31647205788008,3.3789771275909,2.57236788200806,2.49673449986215,3.37668987183476,2.30990613380643,3.20099091555048,3.76027091970971,5.30472292359382,5.48269953779228,4.54858151486417,3.01292555842668,2.41677487309363,3.53563800162451,3.12834586410622,6.45777424320631,3.04863952292229,3.9225716277534,3.03688429014645,3.0695944504108,4.64081723224595,4.77721738697706
"17",2.36163259604799,3.02063582726252,2.94692082893599,3.51613748204065,4.26677463584901,3.31618691649602,1.58049227780169,4.50790181561859,2.59730692175052,2.10182154508231,3.26963614158026,4.12034822836554,4.09935359138006,3.73697968421615,5.67906487236784,1.50703047737113,0,3.06974064399308,2.6639982279662,3.78555595259998,2.01481050449529,3.2890063886413,3.82647545111265,2.43475124474479,3.34158625847658,2.08135298473246,2.30946356264478,4.62782851050299,2.69079823180881,2.84887004779454,4.26127308230489,2.93164025636257,2.99292931057214,4.76812930786467,3.48229589822444,3.78353504308188,5.17801248849063,4.30562719606084,2.50974855768626,2.53638750874632,5.18434250438277,2.24996187342251,3.96614712678152,4.79343411951174,2.76818407911759,2.8384942160871,3.53615603460582,2.66071266248466,3.01953377464965,4.45992376196433,3.67785812320742,2.72008863615369,2.87244077745839,7.37913131138944,2.61823174230297,5.01851826585798,5.35440859688135,3.35253149463617,2.4276055798017,2.35712718325536,3.17723712201489,2.41595202665924,3.2815928747384,3.94666107261811,5.48266845056751,5.24363759914577,4.29924706468258,3.75747977483985,2.75097886520635,3.44420772909742,3.09703030977864,6.8521652473689,3.28079714592863,4.24990587182374,3.55285035637468,3.38031757085115,4.54962394024883,4.91562733591537
"18",2.33804831067786,2.46226233478488,4.37720267986462,3.35954243669395,3.92919274991105,2.63410759153018,3.42283277490547,3.95900713413408,2.86958811726917,2.32368499110593,2.0533854128243,3.60305236777986,4.12507702018475,3.46784644293581,4.58188348789272,2.99359274421256,3.06974064399308,0,2.61037779878842,3.61992945506837,3.03951612204934,1.25681156333093,4.59292350579109,2.48257778796176,2.52344101017996,2.05483805500267,2.63460481097941,3.81799723552803,3.52403647612734,2.84277603928076,3.16986569238911,1.67782955921979,2.38356621363928,4.50941816086258,3.90571559826773,3.54783284094964,5.72242853835388,1.93049609692201,3.02302992302059,2.44250938902823,5.72609159509274,1.81185330334539,4.98712958041013,3.20909041013833,2.86032680545427,2.70212539049195,3.78305212350415,2.88528534364618,1.8125254786598,2.18943290105035,2.92373543613448,2.30400404109607,3.16069721603858,7.06920539550147,3.02494777220504,3.42693823502027,5.05219734926162,1.72690982297385,1.10550184195557,2.63907038270544,1.46124152582965,1.71856199578046,3.51495667690974,4.36740317034468,3.721061960551,4.92004600285641,4.62801105904332,2.50278781490534,1.42801116045366,1.81745935733047,2.46665503280149,5.38511404147457,3.14288940249888,3.94529293727845,3.67053843880572,2.99369337935867,4.44844511458174,4.17577653405063
"19",2.22317983915146,3.24593705714345,3.62390667175391,2.71397023056394,4.14925299471824,4.14530825609011,3.17335180301765,3.55107733882283,2.92939063885628,3.17060822363544,2.60937971685441,2.56904079427014,4.89881335716163,2.25271111715976,5.65665070067708,2.83076019075839,2.6639982279662,2.61037779878842,0,3.16610618981024,2.01435667017613,2.76614817138702,4.84917985248686,3.00369893796198,3.54671707533285,2.71037373307447,3.4022996463687,4.06414159980778,2.5411679221471,4.02757526325735,2.39168650670046,2.80376678300856,3.41621536667028,5.05946893194129,2.01898526009901,3.41656964834232,6.48907763060718,3.57602199012404,3.64934555539895,2.01245956903995,5.57745874149028,1.64720450092606,4.33190518886122,2.84822478699065,2.50604142835153,3.39015136889323,3.18371413426638,3.16130194310061,3.06586375114798,3.98557655290442,4.2695938554254,2.8007567096741,3.48428925078426,6.91339679766519,2.78261501575435,3.97870203594644,5.02241967414054,3.74141427158878,1.94995768010008,3.0038230631723,2.21230337296014,2.10052807258053,3.35515416654585,3.52440448442609,3.68986098784711,4.95263628997553,4.0062225412978,2.8775685452386,2.53953134166606,3.65550552637878,2.31610270792693,6.69495882169197,4.19005134501882,3.30310871323154,3.2689053968668,3.49423269873019,4.52249628737744,4.71882471409018
"20",2.7325734263477,2.69689631975598,4.56945497996434,2.48056521117295,4.47727186065434,4.65472599616637,3.94932095698045,1.93033715915747,3.1695465607943,4.27822373966485,3.07284394447983,4.14677793326361,5.55019945955121,4.65342921086701,6.66520957086647,3.92267214451281,3.78555595259998,3.61992945506837,3.16610618981024,0,2.80912121222644,3.50205880406926,6.23263957810529,3.34155696276871,3.07984791390746,3.00626632886971,3.91407502564712,4.57385246068802,3.44203238605213,4.50679256707275,3.68190872772631,2.49215324205353,3.54747705873555,4.12129591401486,3.20407831770524,3.30111576430139,7.250132067449,3.60775787956573,4.86988461737222,2.09743933671747,7.15889645494939,3.07018750026147,4.38827376174934,4.03250495718607,2.25713481434424,4.51707595230538,5.12773592245864,3.12348704093811,4.891461117068,4.58233682867976,4.36823039219939,2.59151827782995,3.42409229524184,6.50187594314362,2.94432016490115,5.6827717830862,2.95807299728191,4.70298493259658,3.21818614658278,4.22069462504117,3.71905344932052,2.94074319499409,2.16674628887894,3.16095023838305,3.67175339973684,3.40945596289306,3.12695036851349,4.06434910172012,3.38149084506773,4.33079974972748,2.23266751000999,6.55652362739089,4.44417689396231,3.92137401713062,3.5989319230445,3.19399265174826,5.68301180796934,5.93495981517346
"21",2.09207202307248,2.42187019168698,2.94193108794158,3.10796811151672,4.89649847089271,3.71614310953397,1.93898836592336,3.88173611547713,2.30847443480472,3.22739094219052,3.02347004983153,3.53665287853098,4.15908713403958,3.91097964197422,5.52909887864706,2.75476256080473,2.01481050449529,3.03951612204934,2.01435667017613,2.80912121222644,0,3.07383335248785,4.78134710586347,2.76693163631654,3.24625105532999,2.33148689470779,2.44527359931565,4.0690116274936,2.54465795344191,4.07956186049321,3.32953098004331,2.86941531171291,2.48624340327881,3.93436186708357,2.9909262412681,3.82482640517652,6.39367936018914,3.88946309698678,2.75753234210443,2.26901388563147,5.03477126795478,1.58546004557118,3.89219718544084,4.26308958555178,1.96370589558038,3.89889663211362,3.25519047407042,2.86901807833176,3.40804763691952,4.15852369295957,4.42498895000673,2.73350874444987,3.18269075565508,6.82641623778399,2.44036121637962,4.85952112128599,4.63714578681326,3.89085106412045,2.20955666942658,3.00107752388822,2.93945241101293,2.67848654590428,3.31149027219668,3.89565390524004,4.38961799784478,4.54994464073035,3.78138414791512,4.1466236252609,2.89086745044943,3.43266485554007,2.31589327853806,6.95704767015275,3.31877261670707,3.50902828221618,3.56972689391797,3.42247159580106,4.81834036333527,5.09401288186005
"22",2.53814678872394,2.46880738182736,4.88769648972889,3.40979188121185,3.81514125156509,3.47061790105217,3.7351567170138,3.85514406186752,3.0162260222186,3.0019344952361,2.32476491251131,3.89570107580981,4.7457658865924,3.82079160106318,5.03947037358776,3.12164120557966,3.2890063886413,1.25681156333093,2.76614817138702,3.50205880406926,3.07383335248785,0,5.43159800134676,2.92801377653152,2.85178897262802,2.11562241355866,3.15709318378635,4.33017172271322,3.77432635700852,3.35080780169291,2.90721046525589,2.00442632117775,2.55148942016145,4.89649289319165,4.0299898938907,3.51324232515049,5.78831245383467,1.86014513241396,3.14114161906544,2.40101198288482,5.8959425413544,2.26412565267768,5.43157037869064,3.6306707322293,3.12824094734319,3.35279592308651,3.98504288635598,2.92376800607363,2.02663686977435,3.07167997005562,2.98633960162616,2.62881310190892,3.18200622505417,6.72317982345152,3.5776150289444,3.27883157904232,4.63939688871524,2.36405321541583,1.44898243073346,2.91544096037458,1.86359091676706,2.27535881332309,3.49712618192183,4.6454363871398,4.1387982904509,4.80057686799212,4.77050176886856,2.66745326128497,1.69845474346782,2.50519382586919,2.98068341078799,5.58637945940688,3.31652386740337,4.16851938749334,3.76842246185526,3.00906917221816,5.03290154950247,4.94889070124144
"23",4.88971006264954,5.28226394794838,5.02048056847048,5.30463802068846,5.69236048435942,4.27932935150904,3.59614022355912,6.38064575110218,5.47485030320675,3.92540037333435,5.57510724067158,5.20269910058423,4.75135462826795,4.97068452611385,6.049481515145,4.06139296724796,3.82647545111265,4.59292350579109,4.84917985248686,6.23263957810529,4.78134710586347,5.43159800134676,0,4.61751871190946,5.00760319580563,4.27404322885441,3.78715673032266,4.98618085536232,5.03739874753757,4.12016153393949,6.27296728171931,5.09418355522621,4.47129495012154,5.91388663208302,5.77468610195354,5.66191164944218,6.62466292094738,5.76082939199141,4.21249857368077,5.21114030727154,5.19615753079018,4.06335010171385,4.71372655260397,6.14448486254937,5.12682199347297,4.1022004670803,5.50499957907111,4.49385390478638,4.31424459488367,4.82631157189763,5.52485199474896,4.99448358348984,4.72767080211937,10.1120072133177,4.55779123044056,6.1116979551097,7.60735610284144,4.20144167741914,4.41851213640138,4.23840750782289,5.09618310783082,4.62871050205161,5.83221915938192,5.52825948347079,6.14138848465036,6.96809162126466,6.54522608422283,5.50031062984747,4.78072758793568,4.82374423397308,4.99107134571244,7.1027146508898,4.77809356681658,4.89547296729842,4.75535929736724,4.40645249250091,2.68594356813929,4.0587882202525
"24",2.50126820983393,2.63146683267707,2.80928616076962,3.41855911825501,4.72550180818059,2.99112263254706,2.45363752973285,4.14264732162227,1.98521207209909,2.60588732766059,2.66270953823101,3.93179521520426,3.70239597225466,4.18507087497783,5.87083585667803,2.14433496820439,2.43475124474479,2.48257778796176,3.00369893796198,3.34155696276871,2.76693163631654,2.92801377653152,4.61751871190946,0,3.33593142715312,2.08962234528131,2.32690596443937,3.52446420036199,2.45610325549626,2.61160435798275,3.77258015827578,1.97444358078043,3.11488783603305,4.85283181931654,3.72630812089803,3.13445296089886,5.75548669412274,3.80354703057494,3.16611071656333,2.59975729798833,6.20035300867354,2.19005179150285,4.43121698518173,4.21741735363089,2.92510270476138,2.42773779074876,3.56624329094168,3.52789899987145,3.25858004768167,3.60458267466521,2.95692631283515,2.4023381712129,2.7430459375575,7.64686617921,3.04305876287516,4.49883485043495,4.76894284702553,3.11489668613975,2.3685980882689,3.25320729426151,3.14543059442368,1.81834717757754,3.11658222723336,3.97020015346477,4.37903705488748,5.4430317071354,4.33706297199346,2.88073842997922,2.37831737496435,2.7350018316091,1.94752295592836,6.08953166770469,2.63972104764926,3.80298914109913,3.61611495289535,3.41208584186421,5.17902072280508,5.1388643028943
"25",1.86008822621311,2.20657138220784,4.82587433546628,3.29511827854387,3.59709334893763,2.67968211227415,3.68213998891542,3.41396062965071,2.80511451472204,2.94144453323753,2.18602302720639,3.92081275556962,3.97175536600466,4.70349132340233,4.90337927855759,3.51568023159193,3.34158625847658,2.52344101017996,3.54671707533285,3.07984791390746,3.24625105532999,2.85178897262802,5.00760319580563,3.33593142715312,0,2.72161428186916,2.85581979856042,4.48553360464687,3.96491996298456,3.32775971408618,4.52769239198222,2.04023356432646,2.7058208190016,3.11488214285854,3.9304685822154,3.43074626688984,5.21683726123565,2.41137533968214,3.64854932008604,2.84504488774972,5.92227344443845,2.75407996811104,4.28287702051199,3.63770545854059,2.12776606046498,3.16613074629707,4.42863815613422,1.71222491457678,3.45483552052984,2.76560067819281,2.90820443834013,2.07954364778822,3.35913278458726,6.30773520485482,2.907240525512,4.79605736778445,4.50945521084195,2.84714793917431,2.34339861275451,2.94879960196087,2.93575872086391,2.63090369644553,2.42795138433664,4.02212577500474,4.34445979648037,2.95181510329491,3.03995443906016,4.04573774949194,1.96633825990932,2.56809465080271,2.85328371845208,5.17127368936885,3.29330717248429,4.21296672776722,3.78542550427022,3.01063575240081,4.79895391418509,4.39101734935275
"26",2.45417031470004,1.74513189176045,4.01323959082121,2.62874631769894,3.56694463928387,3.19030604543156,2.385272850619,3.71465946459417,2.69441562419577,2.59286442470268,2.66053644421389,3.99456005741773,4.41033029559774,3.99613222355824,5.02166157913121,2.26120166080712,2.08135298473246,2.05483805500267,2.71037373307447,3.00626632886971,2.33148689470779,2.11562241355866,4.27404322885441,2.08962234528131,2.72161428186916,0,1.94820567730042,3.554387184625,2.78045894333398,2.29680482960349,3.24259932240967,1.71880265716508,1.79904597011851,4.26710901718773,3.73033793256697,2.94796722702163,5.99329236929157,2.80981649282328,2.68636132188859,1.89727132402506,5.58791684925346,1.81261534595294,4.53464209712912,4.36585267442296,2.61388234056344,2.95128732944757,4.0176463909098,2.3547062360399,2.58281313170639,3.62577120232793,2.89226616153492,2.32694427460878,2.10656558027123,7.50158213699139,2.75791414068653,4.22060512803466,3.96320293683492,2.57331194057032,1.52170635102853,2.66839155373037,2.88462496795394,2.10620804611807,2.91381757129786,3.9311950987607,4.40984316010322,4.46099499347874,4.36999143731247,3.17080758730153,2.10490861280555,2.98340640289086,2.52240438902841,5.45322270955622,2.75906828423396,3.50814191161255,2.96569920932056,2.05263193278924,4.07575509339938,4.92178930397642
"27",2.75157733205809,1.9465084754523,3.27393863368991,3.53192748613356,4.81324067849237,2.06438726103209,1.95836510110465,4.72719275165882,2.41743024209508,2.59263238427316,3.12580004100101,4.34914040814974,2.85532603728093,4.89468400556731,4.31941886588379,2.82230459317625,2.30946356264478,2.63460481097941,3.4022996463687,3.91407502564712,2.44527359931565,3.15709318378635,3.78715673032266,2.32690596443937,2.85581979856042,1.94820567730042,0,3.16490629392731,2.82416222481318,2.70822719196096,4.12890360191579,2.55359905674949,1.72491016460561,3.51954177795868,4.22275714041132,3.74747535809967,5.87669993794183,3.62980075910917,1.82372798369073,3.25323173982252,4.56798109505196,2.01244820071683,4.04774958388483,4.81746344165248,2.88178297586935,3.06872379821205,3.58147799980249,2.95330520330781,2.76007367799246,3.28310469967338,3.44240329022487,2.66569429061972,2.63887496249566,7.5460863913719,2.77282449698004,4.57104653715408,4.91828068736056,2.88090369798201,2.17414504348929,2.59887303206838,3.363186528735,2.79521167348512,3.85833765373199,4.44572470059871,4.86305330518045,4.84627214084356,4.57757904023284,4.28972076095471,2.58379021795501,2.56295338234776,2.70654574326772,5.50433413751257,1.97850241262327,3.8166852733635,3.58349397803758,3.16830708246104,4.23540713943744,4.33369659823896
"28",4.30288336232652,3.42260275888855,4.65425771125503,3.58599254581434,5.5544711713927,4.24396986656451,4.06114725535236,4.94779914628719,3.96146693754202,4.87705539118429,4.10455762930031,4.05842168977458,4.27298694677789,5.56817060549843,5.20064656134164,4.48244661418269,4.62782851050299,3.81799723552803,4.06414159980778,4.57385246068802,4.0690116274936,4.33017172271322,4.98618085536232,3.52446420036199,4.48553360464687,3.554387184625,3.16490629392731,0,3.29947563293522,4.31939647657089,3.60897083207895,3.70545548461362,3.59578242398941,4.9446436866929,4.52800200576419,3.55966186199741,7.94241999573144,4.28846718783092,4.12141740655943,4.47148054256115,5.49750532744004,3.13968299885436,4.96080762192356,4.64451580291057,4.3276990726862,4.22119010281198,4.30119061943512,4.69846924133184,4.17645991034446,3.86072705441868,4.54259132037219,4.18270560127965,3.67449856459916,8.8498684677186,4.53368798314515,4.07760156933757,4.76647782448019,4.44720134223274,3.48500888606645,4.59635766704233,4.7386583348739,4.05566124201397,4.96321817059865,4.92549398802889,3.72248004029362,5.49119049293382,5.45279583923621,4.66362059874812,3.83053418784202,4.25011116115291,3.15984714423657,4.69186495764249,3.4356575926931,2.60941940792159,3.67159555483333,3.82292038945684,4.36199848217253,4.98469390993955
"29",2.99756268012481,3.0223089755944,2.75445390346985,2.43121865064448,4.57918042992362,3.82386201703072,3.04144594524803,3.97274032119487,2.33656908918152,3.35103887703628,3.17878482336907,3.96019335726065,4.29214403407803,4.25646700292834,5.8076885110853,2.75356372302313,2.69079823180881,3.52403647612734,2.5411679221471,3.44203238605213,2.54465795344191,3.77432635700852,5.03739874753757,2.45610325549626,3.96491996298456,2.78045894333398,2.82416222481318,3.29947563293522,0,3.40395812575285,3.10300978278644,2.88494239697657,3.71982644041694,5.09776316006079,2.27298945523154,2.69846694865478,6.62605760868907,4.57245638139929,3.5806745662508,2.97376130842169,5.48004597573156,2.53049999546574,3.6779026240426,4.1576682500518,3.25201636968383,3.12411234826773,3.50287349140516,3.67779766876338,3.80360344588262,4.75039562057444,3.87073023118773,2.62167470801179,2.49176970440434,6.93709441339021,2.88165763846921,4.51066567511875,4.35920659699373,4.52382365895964,2.86035132841517,2.98522973612799,3.70888364227093,2.54114734521147,3.53397440563604,3.05451897669803,4.73560389431711,5.1591354724973,4.28578290261193,3.52700177764171,3.02751779126454,4.20880159877461,2.3460708958879,6.01502080824621,3.68384959014058,3.65736612445334,2.75896448865417,3.69961178055958,5.09389926718455,4.96862434491584
"30",3.49402098558243,3.18732621863553,4.4842420492567,3.61795700782943,3.49009001291305,2.81364549307522,3.5803182670804,4.78168889952523,3.44397004215299,2.11636226599221,3.29934776778249,5.10385462981707,4.50675716387694,4.62443782398344,5.15082840432887,2.72374253350833,2.84887004779454,2.84277603928076,4.02757526325735,4.50679256707275,4.07956186049321,3.35080780169291,4.12016153393949,2.61160435798275,3.32775971408618,2.29680482960349,2.70822719196096,4.31939647657089,3.40395812575285,0,4.65635173511057,2.46391312998443,3.43150610094792,5.24849246643063,4.52082419220305,3.39730823507352,5.31692319653113,3.83009501070515,3.56480105859359,3.32528432090527,6.25457404291772,3.34655128551049,4.93311640691397,4.92135355662794,3.94266086500497,2.04742758182688,4.80919782663665,3.2569580454692,3.08839040472074,4.10544911945326,2.23743912643135,2.75432745795183,2.64234478897373,7.87291693825829,3.39221741612191,4.775078811401,5.1635820566468,2.77397985769577,2.85666425170677,2.75174996331203,3.67610023942269,2.52832708539161,3.65284370503569,4.2572821237916,5.65745748766732,5.47949568299601,5.18311309176605,3.24273057191757,2.67919685308458,3.4552473559668,3.61079463357183,4.98890367528108,3.51942267740109,4.919239187977,3.60804715805519,3.23094043059421,4.58130353649902,4.7483283891819
